1) n-dimensional MAP values 
 
0.2147535335147365 
0.4109520605102964 
0.9416226263105673 
1.0421212080155735 
0.2032586710075129 
0.32502697684898973 
 
2) 0.05 credibility boundaries in 1-dim 
 
0.18021108707659825, 0.2479522639744155 
0.19312748470080243, 0.8217006823165773 
0.5868268470257498, 1.6209979078956673 
0.7264945328891907, 1.7089903282554149 
0.021477868804038458, 0.5448761622493543 
 
0.1976661034398537, 0.5466819727863254 
 
3) quantiles: (2.5, 16, 50, 84, 97.5)
[ 0.18540083  0.19953038  0.21426623  0.22892087  0.24316549]
[ 0.26645861  0.35258358  0.49698653  0.70482431  0.99813236]
[ 0.66009207  0.83548323  1.04375884  1.29624872  1.60871416]
[ 0.84853534  1.01306866  1.21948768  1.48328532  1.81932207]
[ 0.10978973  0.19442767  0.31175755  0.46740631  0.67016456]
[ 0.24087167  0.29693029  0.37361552  0.4761404   0.60815547]
