1) n-dimensional MAP values 
 
0.2139954558737445 
0.42778869911194767 
0.9748085784125504 
1.101290732775957 
0.24364139931802453 
 
2) 0.05 credibility boundaries in 1-dim 
 
0.1772037619883468, 0.2488873296960996 
0.1972984556083074, 1.0203949770545502 
0.575678782087164, 1.5881474106634992 
0.731209552267337, 1.7443140301003242 
0.029605229461582283, 0.6742147587064742 
 
3) quantiles: (2.5, 16, 50, 84, 97.5)
[ 0.18401019  0.19823735  0.21292067  0.22757061  0.24188351]
[ 0.28911911  0.397546    0.56728941  0.80877949  1.14037476]
[ 0.64064826  0.81048981  1.00979472  1.24911768  1.54070556]
[ 0.86308273  1.02541815  1.23191249  1.49209225  1.82291257]
[ 0.12779538  0.22372451  0.35644758  0.53452167  0.76759819]
