1) n-dimensional MAP values 
 
0.212236339776524 
0.4985666101391027 
0.8720495856405595 
1.0097105845419267 
0.18397183862172437 
0.31698181236942446 
 
2) 0.05 credibility boundaries in 1-dim 
 
0.1803944890250044, 0.24754440287998503 
0.27207440376887976, 0.774110831581918 
0.6140746723489747, 1.2438542324291986 
0.7972052820422084, 1.3897411429167865 
0.06933028223842279, 0.41338146191957487 
 
0.23975083950521425, 0.5449361861137287 
 
3) quantiles: (2.5, 16, 50, 84, 97.5)
[ 0.18120425  0.19957885  0.21840841  0.23515812  0.25187002]
[ 0.29436015  0.37498639  0.45673611  0.5775721   0.72732042]
[ 0.57005222  0.73443982  0.89970594  1.00572743  1.12272689]
[ 0.80043665  0.88259468  1.00422992  1.12012238  1.28502403]
[ 0.06625731  0.10804499  0.16226404  0.24142239  0.43111982]
[ 0.24431533  0.32959963  0.42684623  0.51862018  0.58861151]
