1) n-dimensional MAP values 
 
0.21302065460175784 
0.42600927120491033 
0.977326798085803 
1.10345659616388 
0.2447112123245898 
 
2) 0.05 credibility boundaries in 1-dim 
 
0.17801894299456178, 0.24827777382118207 
0.19594560310043585, 1.0121097439364732 
0.5829545185453715, 1.5731211926453714 
0.7451103339393714, 1.7387190129708932 
0.038518986250240805, 0.6696659847933728 
 
3) quantiles: (2.5, 16, 50, 84, 97.5)
[ 0.1839124   0.19798805  0.21248279  0.22701231  0.24150477]
[ 0.28677712  0.39646349  0.56847707  0.81084072  1.14282495]
[ 0.63977264  0.80579697  1.00337805  1.24274928  1.53203918]
[ 0.86096291  1.01949531  1.22492242  1.4864519   1.81454881]
[ 0.12595419  0.22160112  0.35426134  0.53353831  0.76842932]
