1) n-dimensional MAP values 
 
0.2136449786930419 
0.43631397816666523 
0.9491722180140203 
1.075767987729169 
0.24438175993248773 
 
2) 0.05 credibility boundaries in 1-dim 
 
0.17787051240007554, 0.24749353958497247 
0.19920618344985702, 1.0033861395855195 
0.5992376180265322, 1.549846603955404 
0.7509431013054958, 1.7224396416642664 
0.03265408762570937, 0.6636245518160203 
 
3) quantiles: (2.5, 16, 50, 84, 97.5)
[ 0.18315483  0.19829254  0.2124518   0.22669763  0.24138154]
[ 0.28838629  0.39521019  0.57422727  0.82706523  1.16893613]
[ 0.666711    0.8329753   1.0361382   1.28321679  1.54480958]
[ 0.87026272  1.04919472  1.26837711  1.52607117  1.84443966]
[ 0.13227391  0.23674203  0.37299887  0.55621203  0.79438363]
