1) n-dimensional MAP values 
 
0.21275013841890664 
0.43051526178493776 
0.9774741830345379 
1.1129199445497375 
0.2557309376375917 
 
2) 0.05 credibility boundaries in 1-dim 
 
0.17751808150435344, 0.24830603240472948 
0.20325754902250248, 1.020787414346423 
0.5850608135350047, 1.5832398506116174 
0.7332158690144153, 1.7434800642178467 
0.032353998315314214, 0.6710059540343036 
 
3) quantiles: (2.5, 16, 50, 84, 97.5)
[ 0.18356889  0.19831586  0.21314122  0.22773881  0.24187499]
[ 0.28901577  0.39539077  0.56404908  0.80022267  1.1240966 ]
[ 0.64377614  0.81353754  1.01531287  1.25525659  1.55041765]
[ 0.86010729  1.02368551  1.23228279  1.49739236  1.82908715]
[ 0.12597035  0.22085097  0.35398082  0.53220993  0.76171596]
